Signal Legend:

Key        Signal Name

0        = PC[4..0]
1        = reset
2        = HAZARD_CONTROL_UNIT:HZRD_CTRL_UNT|actual_outcome
3        = HAZARD_CONTROL_UNIT:HZRD_CTRL_UNT|flush
4        = HAZARD_CONTROL_UNIT:HZRD_CTRL_UNT|prediction
5        = BPU:bpu|ghr_E[4..0]
6        = REGISTER_FILE:REG_FILE|registers[8][0..31]

Data Table:

Signals-> 0  1 2 3 4 5      6                                 

sample

-64       4  0 0 0 0 00000b 00000000011101111110011010011100b 
-63       2  0 0 0 0 00000b 00000000011101111110011010011100b 
-62       3  0 0 0 0 00000b 00000000011101111110011010011100b 
-61       4  0 1 1 0 00000b 00000000011101111110011010011101b 
-60       5  0 0 0 0 00000b 00000000011101111110011010011101b 
-59       6  0 0 0 0 00000b 00000000011101111110011010011101b 
-58       7  0 0 0 0 00001b 00000000011101111110011010011101b 
-57       8  0 0 0 0 00001b 00000000011101111110011010011101b 
-56       9  0 0 0 0 00001b 00000000011101111110011010011101b 
-55       10 0 0 0 0 00001b 00000000011101111110011010011101b 
-54       11 0 0 0 0 00001b 00000000011101111110011010011101b 
-53       12 0 0 0 0 00001b 00000000011101111110011010011101b 
-52       13 0 0 0 0 00001b 00000000011101111110011010011101b 
-51       14 0 0 0 0 00001b 00000000011101111110011010011101b 
-50       15 0 0 0 0 00001b 00000000011101111110011010011101b 
-49       16 0 0 0 0 00001b 00000000011101111110011010011101b 
-48       17 0 0 0 0 00001b 00000000011101111110011010011101b 
-47       18 0 0 0 0 00001b 00000000011101111110011010011101b 
-46       19 0 0 0 0 00001b 00000000011101111110011010011101b 
-45       20 0 0 0 0 00001b 00000000011101111110011010011101b 
-44       21 0 0 0 0 00001b 00000000011101111110011010011101b 
-43       22 0 0 0 0 00001b 00000000011101111110011010011101b 
-42       23 0 0 0 0 00001b 00000000011101111110011010011101b 
-41       24 0 0 0 0 00001b 00000000011101111110011010011101b 
-40       25 0 0 0 0 00001b 00000000011101111110011010011101b 
-39       26 0 0 0 0 00001b 00000000011101111110011010011101b 
-38       27 0 0 0 0 00001b 00000000011101111110011010011101b 
-37       28 0 0 0 0 00001b 00000000011101111110011010011101b 
-36       29 0 0 0 0 00001b 00000000011101111110011010011101b 
-35       30 0 0 0 0 00001b 00000000011101111110011010011101b 
-34       31 0 0 0 0 00001b 00000000011101111110011010011101b 
-33       0  0 0 0 0 00001b 00000000011101111110011010011101b 
-32       1  0 0 0 0 00001b 00000000011101111110011010011101b 
-31       2  0 0 0 0 00001b 00000000011101111110011010011101b 
-30       3  0 0 0 0 00001b 00000000011101111110011010011101b 
-29       4  0 0 0 0 00001b 00000000011101111110011010011101b 
-28       2  0 0 0 0 00001b 00000000011101111110011010011101b 
-27       3  0 0 0 0 00001b 00000000011101111110011010011101b 
-26       4  0 0 0 0 00010b 00000000011101111110011010011110b 
-25       2  0 0 0 0 00010b 00000000011101111110011010011110b 
-24       3  0 0 0 0 00010b 00000000011101111110011010011110b 
-23       4  0 0 0 0 00100b 00000000011101111110011010011111b 
-22       2  0 0 0 0 00100b 00000000011101111110011010011111b 
-21       3  0 0 0 0 00100b 00000000011101111110011010011111b 
-20       4  0 0 0 0 01000b 00000000011101111110011010100000b 
-19       2  0 0 0 0 01000b 00000000011101111110011010100000b 
-18       3  0 0 0 0 01000b 00000000011101111110011010100000b 
-17       4  0 0 0 0 10000b 00000000011101111110011010100001b 
-16       2  0 0 0 0 10000b 00000000011101111110011010100001b 
-15       3  0 0 0 0 10000b 00000000011101111110011010100001b 
-14       4  0 0 0 0 00000b 00000000011101111110011010100010b 
-13       2  0 0 0 0 00000b 00000000011101111110011010100010b 
-12       3  0 0 0 0 00000b 00000000011101111110011010100010b 
-11       4  0 0 0 0 00000b 00000000011101111110011010100011b 
-10       2  0 0 0 0 00000b 00000000011101111110011010100011b 
-9        3  0 0 0 0 00000b 00000000011101111110011010100011b 
-8        4  0 0 0 0 00000b 00000000011101111110011010100100b 
-7        2  0 0 0 0 00000b 00000000011101111110011010100100b 
-6        3  0 0 0 0 00000b 00000000011101111110011010100100b 
-5        4  0 0 0 0 00000b 00000000011101111110011010100101b 
-4        2  0 0 0 0 00000b 00000000011101111110011010100101b 
-3        3  0 0 0 0 00000b 00000000011101111110011010100101b 
-2        4  0 0 0 0 00000b 00000000011101111110011010100110b 
-1        2  0 0 0 0 00000b 00000000011101111110011010100110b 
0         3  0 0 0 0 00000b 00000000011101111110011010100110b 
1         4  0 1 1 0 00000b 00000000011101111110011010100111b 
2         5  0 0 0 0 00000b 00000000011101111110011010100111b 
3         6  0 0 0 0 00000b 00000000011101111110011010100111b 
4         7  0 0 0 0 00001b 00000000011101111110011010100111b 
5         8  0 0 0 0 00001b 00000000011101111110011010100111b 
6         9  0 0 0 0 00001b 00000000011101111110011010100111b 
7         10 0 0 0 0 00001b 00000000011101111110011010100111b 
8         11 0 0 0 0 00001b 00000000011101111110011010100111b 
9         12 0 0 0 0 00001b 00000000011101111110011010100111b 
10        13 0 0 0 0 00001b 00000000011101111110011010100111b 
11        14 0 0 0 0 00001b 00000000011101111110011010100111b 
12        15 0 0 0 0 00001b 00000000011101111110011010100111b 
13        16 0 0 0 0 00001b 00000000011101111110011010100111b 
14        17 0 0 0 0 00001b 00000000011101111110011010100111b 
15        18 0 0 0 0 00001b 00000000011101111110011010100111b 
16        19 0 0 0 0 00001b 00000000011101111110011010100111b 
17        20 0 0 0 0 00001b 00000000011101111110011010100111b 
18        21 0 0 0 0 00001b 00000000011101111110011010100111b 
19        22 0 0 0 0 00001b 00000000011101111110011010100111b 
20        23 0 0 0 0 00001b 00000000011101111110011010100111b 
21        24 0 0 0 0 00001b 00000000011101111110011010100111b 
22        25 0 0 0 0 00001b 00000000011101111110011010100111b 
23        26 0 0 0 0 00001b 00000000011101111110011010100111b 
24        27 0 0 0 0 00001b 00000000011101111110011010100111b 
25        28 0 0 0 0 00001b 00000000011101111110011010100111b 
26        29 0 0 0 0 00001b 00000000011101111110011010100111b 
27        30 0 0 0 0 00001b 00000000011101111110011010100111b 
28        31 0 0 0 0 00001b 00000000011101111110011010100111b 
29        0  0 0 0 0 00001b 00000000011101111110011010100111b 
30        1  0 0 0 0 00001b 00000000011101111110011010100111b 
31        2  0 0 0 0 00001b 00000000011101111110011010100111b 
32        3  0 0 0 0 00001b 00000000011101111110011010100111b 
33        4  0 0 0 0 00001b 00000000011101111110011010100111b 
34        2  0 0 0 0 00001b 00000000011101111110011010100111b 
35        3  0 0 0 0 00001b 00000000011101111110011010100111b 
36        4  0 0 0 0 00010b 00000000011101111110011010101000b 
37        2  0 0 0 0 00010b 00000000011101111110011010101000b 
38        3  0 0 0 0 00010b 00000000011101111110011010101000b 
39        4  0 0 0 0 00100b 00000000011101111110011010101001b 
40        2  0 0 0 0 00100b 00000000011101111110011010101001b 
41        3  0 0 0 0 00100b 00000000011101111110011010101001b 
42        4  0 0 0 0 01000b 00000000011101111110011010101010b 
43        2  0 0 0 0 01000b 00000000011101111110011010101010b 
44        3  0 0 0 0 01000b 00000000011101111110011010101010b 
45        4  0 0 0 0 10000b 00000000011101111110011010101011b 
46        2  0 0 0 0 10000b 00000000011101111110011010101011b 
47        3  0 0 0 0 10000b 00000000011101111110011010101011b 
48        4  0 0 0 0 00000b 00000000011101111110011010101100b 
49        2  0 0 0 0 00000b 00000000011101111110011010101100b 
50        3  0 0 0 0 00000b 00000000011101111110011010101100b 
51        4  0 0 0 0 00000b 00000000011101111110011010101101b 
52        2  0 0 0 0 00000b 00000000011101111110011010101101b 
53        3  0 0 0 0 00000b 00000000011101111110011010101101b 
54        4  0 0 0 0 00000b 00000000011101111110011010101110b 
55        2  0 0 0 0 00000b 00000000011101111110011010101110b 
56        3  0 0 0 0 00000b 00000000011101111110011010101110b 
57        4  0 0 0 0 00000b 00000000011101111110011010101111b 
58        2  0 0 0 0 00000b 00000000011101111110011010101111b 
59        3  0 0 0 0 00000b 00000000011101111110011010101111b 
60        4  0 0 0 0 00000b 00000000011101111110011010110000b 
61        2  0 0 0 0 00000b 00000000011101111110011010110000b 
62        3  0 0 0 0 00000b 00000000011101111110011010110000b 
63        4  0 1 1 0 00000b 00000000011101111110011010110001b 
64        5  0 0 0 0 00000b 00000000011101111110011010110001b 
65        6  0 0 0 0 00000b 00000000011101111110011010110001b 
66        7  0 0 0 0 00001b 00000000011101111110011010110001b 
67        8  0 0 0 0 00001b 00000000011101111110011010110001b 
68        9  0 0 0 0 00001b 00000000011101111110011010110001b 
69        10 0 0 0 0 00001b 00000000011101111110011010110001b 
70        11 0 0 0 0 00001b 00000000011101111110011010110001b 
71        12 0 0 0 0 00001b 00000000011101111110011010110001b 
72        13 0 0 0 0 00001b 00000000011101111110011010110001b 
73        14 0 0 0 0 00001b 00000000011101111110011010110001b 
74        15 0 0 0 0 00001b 00000000011101111110011010110001b 
75        16 0 0 0 0 00001b 00000000011101111110011010110001b 
76        17 0 0 0 0 00001b 00000000011101111110011010110001b 
77        18 0 0 0 0 00001b 00000000011101111110011010110001b 
78        19 0 0 0 0 00001b 00000000011101111110011010110001b 
79        20 0 0 0 0 00001b 00000000011101111110011010110001b 
80        21 0 0 0 0 00001b 00000000011101111110011010110001b 
81        22 0 0 0 0 00001b 00000000011101111110011010110001b 
82        23 0 0 0 0 00001b 00000000011101111110011010110001b 
83        24 0 0 0 0 00001b 00000000011101111110011010110001b 
84        25 0 0 0 0 00001b 00000000011101111110011010110001b 
85        26 0 0 0 0 00001b 00000000011101111110011010110001b 
86        27 0 0 0 0 00001b 00000000011101111110011010110001b 
87        28 0 0 0 0 00001b 00000000011101111110011010110001b 
88        29 0 0 0 0 00001b 00000000011101111110011010110001b 
89        30 0 0 0 0 00001b 00000000011101111110011010110001b 
90        31 0 0 0 0 00001b 00000000011101111110011010110001b 
91        0  0 0 0 0 00001b 00000000011101111110011010110001b 
92        1  0 0 0 0 00001b 00000000011101111110011010110001b 
93        2  0 0 0 0 00001b 00000000011101111110011010110001b 
94        3  0 0 0 0 00001b 00000000011101111110011010110001b 
95        4  0 0 0 0 00001b 00000000011101111110011010110001b 
96        2  0 0 0 0 00001b 00000000011101111110011010110001b 
97        3  0 0 0 0 00001b 00000000011101111110011010110001b 
98        4  0 0 0 0 00010b 00000000011101111110011010110010b 
99        2  0 0 0 0 00010b 00000000011101111110011010110010b 
100       3  0 0 0 0 00010b 00000000011101111110011010110010b 
101       4  0 0 0 0 00100b 00000000011101111110011010110011b 
102       2  0 0 0 0 00100b 00000000011101111110011010110011b 
103       3  0 0 0 0 00100b 00000000011101111110011010110011b 
104       4  0 0 0 0 01000b 00000000011101111110011010110100b 
105       2  0 0 0 0 01000b 00000000011101111110011010110100b 
106       3  0 0 0 0 01000b 00000000011101111110011010110100b 
107       4  0 0 0 0 10000b 00000000011101111110011010110101b 
108       2  0 0 0 0 10000b 00000000011101111110011010110101b 
109       3  0 0 0 0 10000b 00000000011101111110011010110101b 
110       4  0 0 0 0 00000b 00000000011101111110011010110110b 
111       2  0 0 0 0 00000b 00000000011101111110011010110110b 
112       3  0 0 0 0 00000b 00000000011101111110011010110110b 
113       4  0 0 0 0 00000b 00000000011101111110011010110111b 
114       2  0 0 0 0 00000b 00000000011101111110011010110111b 
115       3  0 0 0 0 00000b 00000000011101111110011010110111b 
116       4  0 0 0 0 00000b 00000000011101111110011010111000b 
117       2  0 0 0 0 00000b 00000000011101111110011010111000b 
118       3  0 0 0 0 00000b 00000000011101111110011010111000b 
119       4  0 0 0 0 00000b 00000000011101111110011010111001b 
120       2  0 0 0 0 00000b 00000000011101111110011010111001b 
121       3  0 0 0 0 00000b 00000000011101111110011010111001b 
122       4  0 0 0 0 00000b 00000000011101111110011010111010b 
123       2  0 0 0 0 00000b 00000000011101111110011010111010b 
124       3  0 0 0 0 00000b 00000000011101111110011010111010b 
125       4  0 1 1 0 00000b 00000000011101111110011010111011b 
126       5  0 0 0 0 00000b 00000000011101111110011010111011b 
127       6  0 0 0 0 00000b 00000000011101111110011010111011b 
128       7  0 0 0 0 00001b 00000000011101111110011010111011b 
129       8  0 0 0 0 00001b 00000000011101111110011010111011b 
130       9  0 0 0 0 00001b 00000000011101111110011010111011b 
131       10 0 0 0 0 00001b 00000000011101111110011010111011b 
132       11 0 0 0 0 00001b 00000000011101111110011010111011b 
133       12 0 0 0 0 00001b 00000000011101111110011010111011b 
134       13 0 0 0 0 00001b 00000000011101111110011010111011b 
135       14 0 0 0 0 00001b 00000000011101111110011010111011b 
136       15 0 0 0 0 00001b 00000000011101111110011010111011b 
137       16 0 0 0 0 00001b 00000000011101111110011010111011b 
138       17 0 0 0 0 00001b 00000000011101111110011010111011b 
139       18 0 0 0 0 00001b 00000000011101111110011010111011b 
140       19 0 0 0 0 00001b 00000000011101111110011010111011b 
141       20 0 0 0 0 00001b 00000000011101111110011010111011b 
142       21 0 0 0 0 00001b 00000000011101111110011010111011b 
143       22 0 0 0 0 00001b 00000000011101111110011010111011b 
144       23 0 0 0 0 00001b 00000000011101111110011010111011b 
145       24 0 0 0 0 00001b 00000000011101111110011010111011b 
146       25 0 0 0 0 00001b 00000000011101111110011010111011b 
147       26 0 0 0 0 00001b 00000000011101111110011010111011b 
148       27 0 0 0 0 00001b 00000000011101111110011010111011b 
149       28 0 0 0 0 00001b 00000000011101111110011010111011b 
150       29 0 0 0 0 00001b 00000000011101111110011010111011b 
151       30 0 0 0 0 00001b 00000000011101111110011010111011b 
152       31 0 0 0 0 00001b 00000000011101111110011010111011b 
153       0  0 0 0 0 00001b 00000000011101111110011010111011b 
154       1  0 0 0 0 00001b 00000000011101111110011010111011b 
155       2  0 0 0 0 00001b 00000000011101111110011010111011b 
156       3  0 0 0 0 00001b 00000000011101111110011010111011b 
157       4  0 0 0 0 00001b 00000000011101111110011010111011b 
158       2  0 0 0 0 00001b 00000000011101111110011010111011b 
159       3  0 0 0 0 00001b 00000000011101111110011010111011b 
160       4  0 0 0 0 00010b 00000000011101111110011010111100b 
161       2  0 0 0 0 00010b 00000000011101111110011010111100b 
162       3  0 0 0 0 00010b 00000000011101111110011010111100b 
163       4  0 0 0 0 00100b 00000000011101111110011010111101b 
164       2  0 0 0 0 00100b 00000000011101111110011010111101b 
165       3  0 0 0 0 00100b 00000000011101111110011010111101b 
166       4  0 0 0 0 01000b 00000000011101111110011010111110b 
167       2  0 0 0 0 01000b 00000000011101111110011010111110b 
168       3  0 0 0 0 01000b 00000000011101111110011010111110b 
169       4  0 0 0 0 10000b 00000000011101111110011010111111b 
170       2  0 0 0 0 10000b 00000000011101111110011010111111b 
171       3  0 0 0 0 10000b 00000000011101111110011010111111b 
172       4  0 0 0 0 00000b 00000000011101111110011011000000b 
173       2  0 0 0 0 00000b 00000000011101111110011011000000b 
174       3  0 0 0 0 00000b 00000000011101111110011011000000b 
175       4  0 0 0 0 00000b 00000000011101111110011011000001b 
176       2  0 0 0 0 00000b 00000000011101111110011011000001b 
177       3  0 0 0 0 00000b 00000000011101111110011011000001b 
178       4  0 0 0 0 00000b 00000000011101111110011011000010b 
179       2  0 0 0 0 00000b 00000000011101111110011011000010b 
180       3  0 0 0 0 00000b 00000000011101111110011011000010b 
181       4  0 0 0 0 00000b 00000000011101111110011011000011b 
182       2  0 0 0 0 00000b 00000000011101111110011011000011b 
183       3  0 0 0 0 00000b 00000000011101111110011011000011b 
184       4  0 0 0 0 00000b 00000000011101111110011011000100b 
185       2  0 0 0 0 00000b 00000000011101111110011011000100b 
186       3  0 0 0 0 00000b 00000000011101111110011011000100b 
187       4  0 1 1 0 00000b 00000000011101111110011011000101b 
188       5  0 0 0 0 00000b 00000000011101111110011011000101b 
189       6  0 0 0 0 00000b 00000000011101111110011011000101b 
190       7  0 0 0 0 00001b 00000000011101111110011011000101b 
191       8  0 0 0 0 00001b 00000000011101111110011011000101b 
192       9  0 0 0 0 00001b 00000000011101111110011011000101b 
193       10 0 0 0 0 00001b 00000000011101111110011011000101b 
194       11 0 0 0 0 00001b 00000000011101111110011011000101b 
195       12 0 0 0 0 00001b 00000000011101111110011011000101b 
196       13 0 0 0 0 00001b 00000000011101111110011011000101b 
197       14 0 0 0 0 00001b 00000000011101111110011011000101b 
198       15 0 0 0 0 00001b 00000000011101111110011011000101b 
199       16 0 0 0 0 00001b 00000000011101111110011011000101b 
200       17 0 0 0 0 00001b 00000000011101111110011011000101b 
201       18 0 0 0 0 00001b 00000000011101111110011011000101b 
202       19 0 0 0 0 00001b 00000000011101111110011011000101b 
203       20 0 0 0 0 00001b 00000000011101111110011011000101b 
204       21 0 0 0 0 00001b 00000000011101111110011011000101b 
205       22 0 0 0 0 00001b 00000000011101111110011011000101b 
206       23 0 0 0 0 00001b 00000000011101111110011011000101b 
207       24 0 0 0 0 00001b 00000000011101111110011011000101b 
208       25 0 0 0 0 00001b 00000000011101111110011011000101b 
209       26 0 0 0 0 00001b 00000000011101111110011011000101b 
210       27 0 0 0 0 00001b 00000000011101111110011011000101b 
211       28 0 0 0 0 00001b 00000000011101111110011011000101b 
212       29 0 0 0 0 00001b 00000000011101111110011011000101b 
213       30 0 0 0 0 00001b 00000000011101111110011011000101b 
214       31 0 0 0 0 00001b 00000000011101111110011011000101b 
215       0  0 0 0 0 00001b 00000000011101111110011011000101b 
216       1  0 0 0 0 00001b 00000000011101111110011011000101b 
217       2  0 0 0 0 00001b 00000000011101111110011011000101b 
218       3  0 0 0 0 00001b 00000000011101111110011011000101b 
219       4  0 0 0 0 00001b 00000000011101111110011011000101b 
220       2  0 0 0 0 00001b 00000000011101111110011011000101b 
221       3  0 0 0 0 00001b 00000000011101111110011011000101b 
222       4  0 0 0 0 00010b 00000000011101111110011011000110b 
223       2  0 0 0 0 00010b 00000000011101111110011011000110b 
224       3  0 0 0 0 00010b 00000000011101111110011011000110b 
225       4  0 0 0 0 00100b 00000000011101111110011011000111b 
226       2  0 0 0 0 00100b 00000000011101111110011011000111b 
227       3  0 0 0 0 00100b 00000000011101111110011011000111b 
228       4  0 0 0 0 01000b 00000000011101111110011011001000b 
229       2  0 0 0 0 01000b 00000000011101111110011011001000b 
230       3  0 0 0 0 01000b 00000000011101111110011011001000b 
231       4  0 0 0 0 10000b 00000000011101111110011011001001b 
232       2  0 0 0 0 10000b 00000000011101111110011011001001b 
233       3  0 0 0 0 10000b 00000000011101111110011011001001b 
234       4  0 0 0 0 00000b 00000000011101111110011011001010b 
235       2  0 0 0 0 00000b 00000000011101111110011011001010b 
236       3  0 0 0 0 00000b 00000000011101111110011011001010b 
237       4  0 0 0 0 00000b 00000000011101111110011011001011b 
238       2  0 0 0 0 00000b 00000000011101111110011011001011b 
239       3  0 0 0 0 00000b 00000000011101111110011011001011b 
240       4  0 0 0 0 00000b 00000000011101111110011011001100b 
241       2  0 0 0 0 00000b 00000000011101111110011011001100b 
242       3  0 0 0 0 00000b 00000000011101111110011011001100b 
243       4  0 0 0 0 00000b 00000000011101111110011011001101b 
244       2  0 0 0 0 00000b 00000000011101111110011011001101b 
245       3  0 0 0 0 00000b 00000000011101111110011011001101b 
246       4  0 0 0 0 00000b 00000000011101111110011011001110b 
247       2  0 0 0 0 00000b 00000000011101111110011011001110b 
248       3  0 0 0 0 00000b 00000000011101111110011011001110b 
249       4  0 1 1 0 00000b 00000000011101111110011011001111b 
250       5  0 0 0 0 00000b 00000000011101111110011011001111b 
251       6  0 0 0 0 00000b 00000000011101111110011011001111b 
252       7  0 0 0 0 00001b 00000000011101111110011011001111b 
253       8  0 0 0 0 00001b 00000000011101111110011011001111b 
254       9  0 0 0 0 00001b 00000000011101111110011011001111b 
255       10 0 0 0 0 00001b 00000000011101111110011011001111b 
256       11 0 0 0 0 00001b 00000000011101111110011011001111b 
257       12 0 0 0 0 00001b 00000000011101111110011011001111b 
258       13 0 0 0 0 00001b 00000000011101111110011011001111b 
259       14 0 0 0 0 00001b 00000000011101111110011011001111b 
260       15 0 0 0 0 00001b 00000000011101111110011011001111b 
261       16 0 0 0 0 00001b 00000000011101111110011011001111b 
262       17 0 0 0 0 00001b 00000000011101111110011011001111b 
263       18 0 0 0 0 00001b 00000000011101111110011011001111b 
264       19 0 0 0 0 00001b 00000000011101111110011011001111b 
265       20 0 0 0 0 00001b 00000000011101111110011011001111b 
266       21 0 0 0 0 00001b 00000000011101111110011011001111b 
267       22 0 0 0 0 00001b 00000000011101111110011011001111b 
268       23 0 0 0 0 00001b 00000000011101111110011011001111b 
269       24 0 0 0 0 00001b 00000000011101111110011011001111b 
270       25 0 0 0 0 00001b 00000000011101111110011011001111b 
271       26 0 0 0 0 00001b 00000000011101111110011011001111b 
272       27 0 0 0 0 00001b 00000000011101111110011011001111b 
273       28 0 0 0 0 00001b 00000000011101111110011011001111b 
274       29 0 0 0 0 00001b 00000000011101111110011011001111b 
275       30 0 0 0 0 00001b 00000000011101111110011011001111b 
276       31 0 0 0 0 00001b 00000000011101111110011011001111b 
277       0  0 0 0 0 00001b 00000000011101111110011011001111b 
278       1  0 0 0 0 00001b 00000000011101111110011011001111b 
279       2  0 0 0 0 00001b 00000000011101111110011011001111b 
280       3  0 0 0 0 00001b 00000000011101111110011011001111b 
281       4  0 0 0 0 00001b 00000000011101111110011011001111b 
282       2  0 0 0 0 00001b 00000000011101111110011011001111b 
283       3  0 0 0 0 00001b 00000000011101111110011011001111b 
284       4  0 0 0 0 00010b 00000000011101111110011011010000b 
285       2  0 0 0 0 00010b 00000000011101111110011011010000b 
286       3  0 0 0 0 00010b 00000000011101111110011011010000b 
287       4  0 0 0 0 00100b 00000000011101111110011011010001b 
288       2  0 0 0 0 00100b 00000000011101111110011011010001b 
289       3  0 0 0 0 00100b 00000000011101111110011011010001b 
290       4  0 0 0 0 01000b 00000000011101111110011011010010b 
291       2  0 0 0 0 01000b 00000000011101111110011011010010b 
292       3  0 0 0 0 01000b 00000000011101111110011011010010b 
293       4  0 0 0 0 10000b 00000000011101111110011011010011b 
294       2  0 0 0 0 10000b 00000000011101111110011011010011b 
295       3  0 0 0 0 10000b 00000000011101111110011011010011b 
296       4  0 0 0 0 00000b 00000000011101111110011011010100b 
297       2  0 0 0 0 00000b 00000000011101111110011011010100b 
298       3  0 0 0 0 00000b 00000000011101111110011011010100b 
299       4  0 0 0 0 00000b 00000000011101111110011011010101b 
300       2  0 0 0 0 00000b 00000000011101111110011011010101b 
301       3  0 0 0 0 00000b 00000000011101111110011011010101b 
302       4  0 0 0 0 00000b 00000000011101111110011011010110b 
303       2  0 0 0 0 00000b 00000000011101111110011011010110b 
304       3  0 0 0 0 00000b 00000000011101111110011011010110b 
305       4  0 0 0 0 00000b 00000000011101111110011011010111b 
306       2  0 0 0 0 00000b 00000000011101111110011011010111b 
307       3  0 0 0 0 00000b 00000000011101111110011011010111b 
308       4  0 0 0 0 00000b 00000000011101111110011011011000b 
309       2  0 0 0 0 00000b 00000000011101111110011011011000b 
310       3  0 0 0 0 00000b 00000000011101111110011011011000b 
311       4  0 1 1 0 00000b 00000000011101111110011011011001b 
312       5  0 0 0 0 00000b 00000000011101111110011011011001b 
313       6  0 0 0 0 00000b 00000000011101111110011011011001b 
314       7  0 0 0 0 00001b 00000000011101111110011011011001b 
315       8  0 0 0 0 00001b 00000000011101111110011011011001b 
316       9  0 0 0 0 00001b 00000000011101111110011011011001b 
317       10 0 0 0 0 00001b 00000000011101111110011011011001b 
318       11 0 0 0 0 00001b 00000000011101111110011011011001b 
319       12 0 0 0 0 00001b 00000000011101111110011011011001b 
320       13 0 0 0 0 00001b 00000000011101111110011011011001b 
321       14 0 0 0 0 00001b 00000000011101111110011011011001b 
322       15 0 0 0 0 00001b 00000000011101111110011011011001b 
323       16 0 0 0 0 00001b 00000000011101111110011011011001b 
324       17 0 0 0 0 00001b 00000000011101111110011011011001b 
325       18 0 0 0 0 00001b 00000000011101111110011011011001b 
326       19 0 0 0 0 00001b 00000000011101111110011011011001b 
327       20 0 0 0 0 00001b 00000000011101111110011011011001b 
328       21 0 0 0 0 00001b 00000000011101111110011011011001b 
329       22 0 0 0 0 00001b 00000000011101111110011011011001b 
330       23 0 0 0 0 00001b 00000000011101111110011011011001b 
331       24 0 0 0 0 00001b 00000000011101111110011011011001b 
332       25 0 0 0 0 00001b 00000000011101111110011011011001b 
333       26 0 0 0 0 00001b 00000000011101111110011011011001b 
334       27 0 0 0 0 00001b 00000000011101111110011011011001b 
335       28 0 0 0 0 00001b 00000000011101111110011011011001b 
336       29 0 0 0 0 00001b 00000000011101111110011011011001b 
337       30 0 0 0 0 00001b 00000000011101111110011011011001b 
338       31 0 0 0 0 00001b 00000000011101111110011011011001b 
339       0  0 0 0 0 00001b 00000000011101111110011011011001b 
340       1  0 0 0 0 00001b 00000000011101111110011011011001b 
341       2  0 0 0 0 00001b 00000000011101111110011011011001b 
342       3  0 0 0 0 00001b 00000000011101111110011011011001b 
343       4  0 0 0 0 00001b 00000000011101111110011011011001b 
344       2  0 0 0 0 00001b 00000000011101111110011011011001b 
345       3  0 0 0 0 00001b 00000000011101111110011011011001b 
346       4  0 0 0 0 00010b 00000000011101111110011011011010b 
347       2  0 0 0 0 00010b 00000000011101111110011011011010b 
348       3  0 0 0 0 00010b 00000000011101111110011011011010b 
349       4  0 0 0 0 00100b 00000000011101111110011011011011b 
350       2  0 0 0 0 00100b 00000000011101111110011011011011b 
351       3  0 0 0 0 00100b 00000000011101111110011011011011b 
352       4  0 0 0 0 01000b 00000000011101111110011011011100b 
353       2  0 0 0 0 01000b 00000000011101111110011011011100b 
354       3  0 0 0 0 01000b 00000000011101111110011011011100b 
355       4  0 0 0 0 10000b 00000000011101111110011011011101b 
356       2  0 0 0 0 10000b 00000000011101111110011011011101b 
357       3  0 0 0 0 10000b 00000000011101111110011011011101b 
358       4  0 0 0 0 00000b 00000000011101111110011011011110b 
359       2  0 0 0 0 00000b 00000000011101111110011011011110b 
360       3  0 0 0 0 00000b 00000000011101111110011011011110b 
361       4  0 0 0 0 00000b 00000000011101111110011011011111b 
362       2  0 0 0 0 00000b 00000000011101111110011011011111b 
363       3  0 0 0 0 00000b 00000000011101111110011011011111b 
364       4  0 0 0 0 00000b 00000000011101111110011011100000b 
365       2  0 0 0 0 00000b 00000000011101111110011011100000b 
366       3  0 0 0 0 00000b 00000000011101111110011011100000b 
367       4  0 0 0 0 00000b 00000000011101111110011011100001b 
368       2  0 0 0 0 00000b 00000000011101111110011011100001b 
369       3  0 0 0 0 00000b 00000000011101111110011011100001b 
370       4  0 0 0 0 00000b 00000000011101111110011011100010b 
371       2  0 0 0 0 00000b 00000000011101111110011011100010b 
372       3  0 0 0 0 00000b 00000000011101111110011011100010b 
373       4  0 1 1 0 00000b 00000000011101111110011011100011b 
374       5  0 0 0 0 00000b 00000000011101111110011011100011b 
375       6  0 0 0 0 00000b 00000000011101111110011011100011b 
376       7  0 0 0 0 00001b 00000000011101111110011011100011b 
377       8  0 0 0 0 00001b 00000000011101111110011011100011b 
378       9  0 0 0 0 00001b 00000000011101111110011011100011b 
379       10 0 0 0 0 00001b 00000000011101111110011011100011b 
380       11 0 0 0 0 00001b 00000000011101111110011011100011b 
381       12 0 0 0 0 00001b 00000000011101111110011011100011b 
382       13 0 0 0 0 00001b 00000000011101111110011011100011b 
383       14 0 0 0 0 00001b 00000000011101111110011011100011b 
384       15 0 0 0 0 00001b 00000000011101111110011011100011b 
385       16 0 0 0 0 00001b 00000000011101111110011011100011b 
386       17 0 0 0 0 00001b 00000000011101111110011011100011b 
387       18 0 0 0 0 00001b 00000000011101111110011011100011b 
388       19 0 0 0 0 00001b 00000000011101111110011011100011b 
389       20 0 0 0 0 00001b 00000000011101111110011011100011b 
390       21 0 0 0 0 00001b 00000000011101111110011011100011b 
391       22 0 0 0 0 00001b 00000000011101111110011011100011b 
392       23 0 0 0 0 00001b 00000000011101111110011011100011b 
393       24 0 0 0 0 00001b 00000000011101111110011011100011b 
394       25 0 0 0 0 00001b 00000000011101111110011011100011b 
395       26 0 0 0 0 00001b 00000000011101111110011011100011b 
396       27 0 0 0 0 00001b 00000000011101111110011011100011b 
397       28 0 0 0 0 00001b 00000000011101111110011011100011b 
398       29 0 0 0 0 00001b 00000000011101111110011011100011b 
399       30 0 0 0 0 00001b 00000000011101111110011011100011b 
400       31 0 0 0 0 00001b 00000000011101111110011011100011b 
401       0  0 0 0 0 00001b 00000000011101111110011011100011b 
402       1  0 0 0 0 00001b 00000000011101111110011011100011b 
403       2  0 0 0 0 00001b 00000000011101111110011011100011b 
404       3  0 0 0 0 00001b 00000000011101111110011011100011b 
405       4  0 0 0 0 00001b 00000000011101111110011011100011b 
406       2  0 0 0 0 00001b 00000000011101111110011011100011b 
407       3  0 0 0 0 00001b 00000000011101111110011011100011b 
408       4  0 0 0 0 00010b 00000000011101111110011011100100b 
409       2  0 0 0 0 00010b 00000000011101111110011011100100b 
410       3  0 0 0 0 00010b 00000000011101111110011011100100b 
411       4  0 0 0 0 00100b 00000000011101111110011011100101b 
412       2  0 0 0 0 00100b 00000000011101111110011011100101b 
413       3  0 0 0 0 00100b 00000000011101111110011011100101b 
414       4  0 0 0 0 01000b 00000000011101111110011011100110b 
415       2  0 0 0 0 01000b 00000000011101111110011011100110b 
416       3  0 0 0 0 01000b 00000000011101111110011011100110b 
417       4  0 0 0 0 10000b 00000000011101111110011011100111b 
418       2  0 0 0 0 10000b 00000000011101111110011011100111b 
419       3  0 0 0 0 10000b 00000000011101111110011011100111b 
420       4  0 0 0 0 00000b 00000000011101111110011011101000b 
421       2  0 0 0 0 00000b 00000000011101111110011011101000b 
422       3  0 0 0 0 00000b 00000000011101111110011011101000b 
423       4  0 0 0 0 00000b 00000000011101111110011011101001b 
424       2  0 0 0 0 00000b 00000000011101111110011011101001b 
425       3  0 0 0 0 00000b 00000000011101111110011011101001b 
426       4  0 0 0 0 00000b 00000000011101111110011011101010b 
427       2  0 0 0 0 00000b 00000000011101111110011011101010b 
428       3  0 0 0 0 00000b 00000000011101111110011011101010b 
429       4  0 0 0 0 00000b 00000000011101111110011011101011b 
430       2  0 0 0 0 00000b 00000000011101111110011011101011b 
431       3  0 0 0 0 00000b 00000000011101111110011011101011b 
432       4  0 0 0 0 00000b 00000000011101111110011011101100b 
433       2  0 0 0 0 00000b 00000000011101111110011011101100b 
434       3  0 0 0 0 00000b 00000000011101111110011011101100b 
435       4  0 1 1 0 00000b 00000000011101111110011011101101b 
436       5  0 0 0 0 00000b 00000000011101111110011011101101b 
437       6  0 0 0 0 00000b 00000000011101111110011011101101b 
438       7  0 0 0 0 00001b 00000000011101111110011011101101b 
439       8  0 0 0 0 00001b 00000000011101111110011011101101b 
440       9  0 0 0 0 00001b 00000000011101111110011011101101b 
441       10 0 0 0 0 00001b 00000000011101111110011011101101b 
442       11 0 0 0 0 00001b 00000000011101111110011011101101b 
443       12 0 0 0 0 00001b 00000000011101111110011011101101b 
444       13 0 0 0 0 00001b 00000000011101111110011011101101b 
445       14 0 0 0 0 00001b 00000000011101111110011011101101b 
446       15 0 0 0 0 00001b 00000000011101111110011011101101b 
447       16 0 0 0 0 00001b 00000000011101111110011011101101b 
